30.09964247	1.496477283	-1.1
17.57382955	0.846772552	-1.1
12.63378614	0.63150583	-1.1
10.13027482	0.489030688	-1.1
8.7059372	0.249576769	-1
7.01968888	0.208597546	-1
5.975567797	0.184634946	-1
5.279188842	0.165344187	-1
4.381320103	0.149998252	-1
3.857597389	0.125987377	-1
35.28239822	0.115056076	-1
20.87906729	0.075681276	-1
14.69045971	0.254372044	-1
11.92767179	0.203515864	-1
10.13672787	0.179094945	-1
8.340738286	0.156408662	-1
7.262619156	0.145015315	-1
6.54401342	0.130573018	-1
5.423571396	0.26281645	-1
4.894142907	0.245294298	-1
37.49814791	0.06048986	-1
21.17878544	0.272262538	-1
15.70057913	0.223409694	-1
12.80520297	0.186795991	-1
10.96072295	0.161349188	-1
8.74638071	0.321904115	-1
7.663060099	0.312432772	-1
6.923162822	0.316416906	-1
6.03615525	0.276600983	-1
5.544256389	0.254711078	-1
35.83589782	0.365157245	-1
21.46699678	0.253887321	-1
16.02032219	0.191117856	-1
12.39882583	0.394554616	-1
10.69255485	0.334291335	-1
8.910411653	0.310654217	-1
7.839406078	0.282138101	-1
7.126230636	0.272152559	-1
6.270588227	0.260117927	-1
5.500012621	0.487676215	-1
38.83740794	0.320238987	-1
23.53040223	0.226135866	-1
16.59613258	0.455876918	-1
13.67964388	0.366338092	-1
11.82289092	0.343483766	-1
9.963278188	0.298965871	-1
8.833329268	0.277392457	-1
7.657493183	0.530858745	-1
6.852799681	0.478302893	-1
7.081003703	0.177390488	-0.9
37.49468305	0.267176614	-1
21.29193798	0.46934439	-1
15.9147656	0.37098219	-1
13.01358347	0.338336484	-1
11.3055466	0.287705439	-1
8.914256233	0.529171514	-1
7.914408492	0.482755394	-1
7.231634496	0.46784905	-1
6.502477986	0.427624352	-1
6.03111167	0.446324119	-1
37.66785942	0.28527116	-1
21.32257477	0.434421071	-1
15.82071905	0.369618571	-1
12.16566828	0.608170488	-1
10.49456105	0.548472392	-1
8.819118529	0.481864726	-1
7.820294513	0.45753552	-1
7.145621947	0.436134546	-1
5.980397534	0.725195256	-1
6.903987617	0.011487886	-0.9
34.33331177	0.551985404	-1
20.72578923	0.399684414	-1
14.47387325	0.613655592	-1
11.81743802	0.530256643	-1
10.20385805	0.486340527	-1
8.575655126	0.428100655	-1
7.138584471	0.682606326	-1
6.529213564	0.664201589	-1
7.052708263	0.017951171	-0.9
6.596044562	0.059544227	-0.9
28.61647208	0.608837245	-1
15.86365762	0.779948106	-1
13.05287871	0.045840876	-0.9
10.62847654	0.05510767	-0.9
9.06039443	0.078283537	-0.9
7.490924847	0.114293427	-0.9
6.58094338	0.118771245	-0.9
5.956429617	0.135443538	-0.9
5.196779224	0.207457657	-0.9
4.833630567	0.221156227	-0.9
31.2911945	0.56934556	-1
18.89839414	0.062118156	-0.9
14.05199276	0.068455084	-0.9
11.270143	0.134935173	-0.9
9.684165396	0.129398735	-0.9
8.039784383	0.141521618	-0.9
7.021552901	0.176720398	-0.9
6.394827997	0.18054417	-0.9
5.552812467	0.270616542	-0.9
5.172451708	0.266067855	-0.9
30.47038398	0.018612679	-0.9
18.01419937	0.143364759	-0.9
13.3324512	0.16151121	-0.9
10.67051684	0.245249917	-0.9
9.161712989	0.234350525	-0.9
7.66010552	0.233127872	-0.9
6.61961457	0.338858191	-0.9
5.997575732	0.35018606	-0.9
5.335170987	0.331791799	-0.9
4.960589282	0.355673677	-0.9
33.63631958	0.087838391	-0.9
20.12831913	0.166951033	-0.9
14.62530496	0.27589353	-0.9
11.93210091	0.278434328	-0.9
10.25467377	0.261470964	-0.9
8.36120586	0.387127156	-0.9
7.347331231	0.380300817	-0.9
6.730238242	0.36753868	-0.9
5.982830849	0.369315399	-0.9
5.594839359	0.388735839	-0.9
36.62535074	0.108967554	-0.9
21.81256884	0.272772155	-0.9
16.3426107	0.265218627	-0.9
13.37871084	0.255010014	-0.9
11.2431412	0.401884053	-0.9
9.440768716	0.365899372	-0.9
8.348155444	0.374665156	-0.9
7.667974143	0.359778511	-0.9
6.627499489	0.54263427	-0.9
6.2216636	0.534031332	-0.9
39.29780927	0.139131785	-0.9
23.61819705	0.29165064	-0.9
17.77472134	0.286836834	-0.9
14.26470352	0.40389816	-0.9
12.29605111	0.40174056	-0.9
10.39204275	0.375196633	-0.9
8.918327906	0.555660983	-0.9
8.174911575	0.552765654	-0.9
7.325357318	0.550596818	-0.9
6.901491918	0.554828468	-0.9
42.70413522	0.194832983	-0.9
25.74060869	0.36300783	-0.9
18.77412728	0.547777777	-0.9
15.46466427	0.509217867	-0.9
13.42207974	0.478288568	-0.9
10.89034501	0.676295838	-0.9
9.730815306	0.641539701	-0.9
8.913682097	0.651917769	-0.9
9.411798893	0.003893336	-0.8
8.931361091	0.010942689	-0.8
43.5856481	0.183900935	-0.9
26.59353863	0.34006893	-0.9
19.35463684	0.526752464	-0.9
15.93520298	0.505464428	-0.9
13.31624197	0.72271769	-0.9
11.25040112	0.680136711	-0.9
10.03903227	0.645062759	-0.9
10.68049423	0.011533237	-0.8
9.680577897	0.039152818	-0.8
9.124585573	0.094549216	-0.8
41.93984527	0.356313308	-0.9
26.44900145	0.335056114	-0.9
19.28125933	0.53887808	-0.9
16.03442387	0.482795468	-0.9
13.33221563	0.702152802	-0.9
11.29799585	0.67585226	-0.9
10.11828397	0.639407102	-0.9
10.69136162	0.023188976	-0.8
9.651041631	0.087754657	-0.8
9.152849842	0.121342735	-0.8
41.98706797	0.360061778	-0.9
25.52492103	0.590850489	-0.9
19.4744388	0.54282555	-0.9
15.43699952	0.753660317	-0.9
13.43828549	0.732247431	-0.9
12.9287435	0.011277633	-0.8
11.56521677	0.077962591	-0.8
10.67282343	0.116232516	-0.8
9.674034763	0.165550302	-0.8
9.16282471	0.203065246	-0.8
39.22532739	0.189482384	-0.9
24.23364342	0.398803404	-0.9
18.51829732	0.383221317	-0.9
14.93939201	0.564254105	-0.9
13.00933084	0.54473619	-0.9
11.07631943	0.538185308	-0.9
9.542384983	0.748772265	-0.9
8.818683948	0.72392803	-0.9
9.500031928	0.003417579	-0.8
9.00156767	0.05526592	-0.8
41.15014293	0.346655137	-0.9
25.15911878	0.596309348	-0.9
19.34094813	0.533765341	-0.9
15.37427587	0.764248326	-0.9
13.45649102	0.716748023	-0.9
12.87103645	0.072973692	-0.8
11.55689655	0.108523141	-0.8
10.64500807	0.165513535	-0.8
9.651374814	0.219731732	-0.8
9.189808357	0.246512205	-0.8