6.5 30
6.5 60
6.5 90
6.5 120
6.5 150
6.5 200
6.5 250
6.5 300
6.5 400
6.5 500
7 30
7 60
7 90
7 120
7 150
7 200
7 250
7 300
7 400
7 500
8 30
8 60
8 90
8 120
8 150
8 200
8 250
8 300
8 400
8 500
9 30
9 60
9 90
9 120
9 150
9 200
9 250
9 300
9 400
9 500
10 30
10 60
10 90
10 120
10 150
10 200
10 250
10 300
10 400
10 500
11 30
11 60
11 90
11 120
11 150
11 200
11 250
11 300
11 400
11 500
12 30
12 60
12 90
12 120
12 150
12 200
12 250
12 300
12 400
12 500
13 30
13 60
13 90
13 120
13 150
13 200
13 250
13 300
13 400
13 500
14 30
14 60
14 90
14 120
14 150
14 200
14 250
14 300
14 400
14 500
15 30
15 60
15 90
15 120
15 150
15 200
15 250
15 300
15 400
15 500
