1.5 30
1.5 60
1.5 90
1.5 120
1.5 150
1.5 200
1.5 250
1.5 300
1.5 400
1.5 500
2 30
2 60
2 90
2 120
2 150
2 200
2 250
2 300
2 400
2 500
2.5 30
2.5 60
2.5 90
2.5 120
2.5 150
2.5 200
2.5 250
2.5 300
2.5 400
2.5 500
3 30
3 60
3 90
3 120
3 150
3 200
3 250
3 300
3 400
3 500
3.5 30
3.5 60
3.5 90
3.5 120
3.5 150
3.5 200
3.5 250
3.5 300
3.5 400
3.5 500
4 30
4 60
4 90
4 120
4 150
4 200
4 250
4 300
4 400
4 500
4.5 30
4.5 60
4.5 90
4.5 120
4.5 150
4.5 200
4.5 250
4.5 300
4.5 400
4.5 500
5 30
5 60
5 90
5 120
5 150
5 200
5 250
5 300
5 400
5 500
5.5 30
5.5 60
5.5 90
5.5 120
5.5 150
5.5 200
5.5 250
5.5 300
5.5 400
5.5 500
6 30
6 60
6 90
6 120
6 150
6 200
6 250
6 300
6 400
6 500
