1.5 30 1
1.5 60 1
1.5 90 1
1.5 120 1
1.5 150 1
1.5 200 1
1.5 250 1
1.5 300 1
1.5 400 1
1.5 500 1
2 30 1
2 60 1
2 90 1
2 120 1
2 150 1
2 200 1
2 250 1
2 300 1
2 400 1
2 500 1
2.5 30 1
2.5 60 1
2.5 90 1
2.5 120 1
2.5 150 1
2.5 200 1
2.5 250 1
2.5 300 1
2.5 400 1
2.5 500 1
3 30 1
3 60 1
3 90 1
3 120 1
3 150 1
3 200 1
3 250 1
3 300 1
3 400 1
3 500 1
3.5 30 1
3.5 60 1
3.5 90 1
3.5 120 1
3.5 150 1
3.5 200 1
3.5 250 1
3.5 300 1
3.5 400 1
3.5 500 1
4 30 1
4 60 1
4 90 1
4 120 1
4 150 1
4 200 1
4 250 1
4 300 1
4 400 1
4 500 1
4.5 30 1
4.5 60 1
4.5 90 1
4.5 120 1
4.5 150 1
4.5 200 1
4.5 250 1
4.5 300 1
4.5 400 1
4.5 500 1
5 30 1
5 60 1
5 90 1
5 120 1
5 150 1
5 200 1
5 250 1
5 300 1
5 400 1
5 500 1
5.5 30 1
5.5 60 1
5.5 90 1
5.5 120 1
5.5 150 1
5.5 200 1
5.5 250 1
5.5 300 1
5.5 400 1
5.5 500 1
6 30 1
6 60 1
6 90 1
6 120 1
6 150 1
6 200 1
6 250 1
6 300 1
6 400 1
6 500 1
1.5 30 2
1.5 60 2
1.5 90 2
1.5 120 2
1.5 150 2
1.5 200 2
1.5 250 2
1.5 300 2
1.5 400 2
1.5 500 2
2 30 2
2 60 2
2 90 2
2 120 2
2 150 2
2 200 2
2 250 2
2 300 2
2 400 2
2 500 2
2.5 30 2
2.5 60 2
2.5 90 2
2.5 120 2
2.5 150 2
2.5 200 2
2.5 250 2
2.5 300 2
2.5 400 2
2.5 500 2
3 30 2
3 60 2
3 90 2
3 120 2
3 150 2
3 200 2
3 250 2
3 300 2
3 400 2
3 500 2
3.5 30 2
3.5 60 2
3.5 90 2
3.5 120 2
3.5 150 2
3.5 200 2
3.5 250 2
3.5 300 2
3.5 400 2
3.5 500 2
4 30 2
4 60 2
4 90 2
4 120 2
4 150 2
4 200 2
4 250 2
4 300 2
4 400 2
4 500 2
4.5 30 2
4.5 60 2
4.5 90 2
4.5 120 2
4.5 150 2
4.5 200 2
4.5 250 2
4.5 300 2
4.5 400 2
4.5 500 2
5 30 2
5 60 2
5 90 2
5 120 2
5 150 2
5 200 2
5 250 2
5 300 2
5 400 2
5 500 2
5.5 30 2
5.5 60 2
5.5 90 2
5.5 120 2
5.5 150 2
5.5 200 2
5.5 250 2
5.5 300 2
5.5 400 2
5.5 500 2
6 30 2
6 60 2
6 90 2
6 120 2
6 150 2
6 200 2
6 250 2
6 300 2
6 400 2
6 500 2
1.5 30 3
1.5 60 3
1.5 90 3
1.5 120 3
1.5 150 3
1.5 200 3
1.5 250 3
1.5 300 3
1.5 400 3
1.5 500 3
2 30 3
2 60 3
2 90 3
2 120 3
2 150 3
2 200 3
2 250 3
2 300 3
2 400 3
2 500 3
2.5 30 3
2.5 60 3
2.5 90 3
2.5 120 3
2.5 150 3
2.5 200 3
2.5 250 3
2.5 300 3
2.5 400 3
2.5 500 3
3 30 3
3 60 3
3 90 3
3 120 3
3 150 3
3 200 3
3 250 3
3 300 3
3 400 3
3 500 3
3.5 30 3
3.5 60 3
3.5 90 3
3.5 120 3
3.5 150 3
3.5 200 3
3.5 250 3
3.5 300 3
3.5 400 3
3.5 500 3
4 30 3
4 60 3
4 90 3
4 120 3
4 150 3
4 200 3
4 250 3
4 300 3
4 400 3
4 500 3
4.5 30 3
4.5 60 3
4.5 90 3
4.5 120 3
4.5 150 3
4.5 200 3
4.5 250 3
4.5 300 3
4.5 400 3
4.5 500 3
5 30 3
5 60 3
5 90 3
5 120 3
5 150 3
5 200 3
5 250 3
5 300 3
5 400 3
5 500 3
5.5 30 3
5.5 60 3
5.5 90 3
5.5 120 3
5.5 150 3
5.5 200 3
5.5 250 3
5.5 300 3
5.5 400 3
5.5 500 3
6 30 3
6 60 3
6 90 3
6 120 3
6 150 3
6 200 3
6 250 3
6 300 3
6 400 3
6 500 3
1.5 30 4
1.5 60 4
1.5 90 4
1.5 120 4
1.5 150 4
1.5 200 4
1.5 250 4
1.5 300 4
1.5 400 4
1.5 500 4
2 30 4
2 60 4
2 90 4
2 120 4
2 150 4
2 200 4
2 250 4
2 300 4
2 400 4
2 500 4
2.5 30 4
2.5 60 4
2.5 90 4
2.5 120 4
2.5 150 4
2.5 200 4
2.5 250 4
2.5 300 4
2.5 400 4
2.5 500 4
3 30 4
3 60 4
3 90 4
3 120 4
3 150 4
3 200 4
3 250 4
3 300 4
3 400 4
3 500 4
3.5 30 4
3.5 60 4
3.5 90 4
3.5 120 4
3.5 150 4
3.5 200 4
3.5 250 4
3.5 300 4
3.5 400 4
3.5 500 4
4 30 4
4 60 4
4 90 4
4 120 4
4 150 4
4 200 4
4 250 4
4 300 4
4 400 4
4 500 4
4.5 30 4
4.5 60 4
4.5 90 4
4.5 120 4
4.5 150 4
4.5 200 4
4.5 250 4
4.5 300 4
4.5 400 4
4.5 500 4
5 30 4
5 60 4
5 90 4
5 120 4
5 150 4
5 200 4
5 250 4
5 300 4
5 400 4
5 500 4
5.5 30 4
5.5 60 4
5.5 90 4
5.5 120 4
5.5 150 4
5.5 200 4
5.5 250 4
5.5 300 4
5.5 400 4
5.5 500 4
6 30 4
6 60 4
6 90 4
6 120 4
6 150 4
6 200 4
6 250 4
6 300 4
6 400 4
6 500 4
1.5 30 5
1.5 60 5
1.5 90 5
1.5 120 5
1.5 150 5
1.5 200 5
1.5 250 5
1.5 300 5
1.5 400 5
1.5 500 5
2 30 5
2 60 5
2 90 5
2 120 5
2 150 5
2 200 5
2 250 5
2 300 5
2 400 5
2 500 5
2.5 30 5
2.5 60 5
2.5 90 5
2.5 120 5
2.5 150 5
2.5 200 5
2.5 250 5
2.5 300 5
2.5 400 5
2.5 500 5
3 30 5
3 60 5
3 90 5
3 120 5
3 150 5
3 200 5
3 250 5
3 300 5
3 400 5
3 500 5
3.5 30 5
3.5 60 5
3.5 90 5
3.5 120 5
3.5 150 5
3.5 200 5
3.5 250 5
3.5 300 5
3.5 400 5
3.5 500 5
4 30 5
4 60 5
4 90 5
4 120 5
4 150 5
4 200 5
4 250 5
4 300 5
4 400 5
4 500 5
4.5 30 5
4.5 60 5
4.5 90 5
4.5 120 5
4.5 150 5
4.5 200 5
4.5 250 5
4.5 300 5
4.5 400 5
4.5 500 5
5 30 5
5 60 5
5 90 5
5 120 5
5 150 5
5 200 5
5 250 5
5 300 5
5 400 5
5 500 5
5.5 30 5
5.5 60 5
5.5 90 5
5.5 120 5
5.5 150 5
5.5 200 5
5.5 250 5
5.5 300 5
5.5 400 5
5.5 500 5
6 30 5
6 60 5
6 90 5
6 120 5
6 150 5
6 200 5
6 250 5
6 300 5
6 400 5
6 500 5
1.5 30 6
1.5 60 6
1.5 90 6
1.5 120 6
1.5 150 6
1.5 200 6
1.5 250 6
1.5 300 6
1.5 400 6
1.5 500 6
2 30 6
2 60 6
2 90 6
2 120 6
2 150 6
2 200 6
2 250 6
2 300 6
2 400 6
2 500 6
2.5 30 6
2.5 60 6
2.5 90 6
2.5 120 6
2.5 150 6
2.5 200 6
2.5 250 6
2.5 300 6
2.5 400 6
2.5 500 6
3 30 6
3 60 6
3 90 6
3 120 6
3 150 6
3 200 6
3 250 6
3 300 6
3 400 6
3 500 6
3.5 30 6
3.5 60 6
3.5 90 6
3.5 120 6
3.5 150 6
3.5 200 6
3.5 250 6
3.5 300 6
3.5 400 6
3.5 500 6
4 30 6
4 60 6
4 90 6
4 120 6
4 150 6
4 200 6
4 250 6
4 300 6
4 400 6
4 500 6
4.5 30 6
4.5 60 6
4.5 90 6
4.5 120 6
4.5 150 6
4.5 200 6
4.5 250 6
4.5 300 6
4.5 400 6
4.5 500 6
5 30 6
5 60 6
5 90 6
5 120 6
5 150 6
5 200 6
5 250 6
5 300 6
5 400 6
5 500 6
5.5 30 6
5.5 60 6
5.5 90 6
5.5 120 6
5.5 150 6
5.5 200 6
5.5 250 6
5.5 300 6
5.5 400 6
5.5 500 6
6 30 6
6 60 6
6 90 6
6 120 6
6 150 6
6 200 6
6 250 6
6 300 6
6 400 6
6 500 6
1.5 30 7
1.5 60 7
1.5 90 7
1.5 120 7
1.5 150 7
1.5 200 7
1.5 250 7
1.5 300 7
1.5 400 7
1.5 500 7
2 30 7
2 60 7
2 90 7
2 120 7
2 150 7
2 200 7
2 250 7
2 300 7
2 400 7
2 500 7
2.5 30 7
2.5 60 7
2.5 90 7
2.5 120 7
2.5 150 7
2.5 200 7
2.5 250 7
2.5 300 7
2.5 400 7
2.5 500 7
3 30 7
3 60 7
3 90 7
3 120 7
3 150 7
3 200 7
3 250 7
3 300 7
3 400 7
3 500 7
3.5 30 7
3.5 60 7
3.5 90 7
3.5 120 7
3.5 150 7
3.5 200 7
3.5 250 7
3.5 300 7
3.5 400 7
3.5 500 7
4 30 7
4 60 7
4 90 7
4 120 7
4 150 7
4 200 7
4 250 7
4 300 7
4 400 7
4 500 7
4.5 30 7
4.5 60 7
4.5 90 7
4.5 120 7
4.5 150 7
4.5 200 7
4.5 250 7
4.5 300 7
4.5 400 7
4.5 500 7
5 30 7
5 60 7
5 90 7
5 120 7
5 150 7
5 200 7
5 250 7
5 300 7
5 400 7
5 500 7
5.5 30 7
5.5 60 7
5.5 90 7
5.5 120 7
5.5 150 7
5.5 200 7
5.5 250 7
5.5 300 7
5.5 400 7
5.5 500 7
6 30 7
6 60 7
6 90 7
6 120 7
6 150 7
6 200 7
6 250 7
6 300 7
6 400 7
6 500 7
1.5 30 8
1.5 60 8
1.5 90 8
1.5 120 8
1.5 150 8
1.5 200 8
1.5 250 8
1.5 300 8
1.5 400 8
1.5 500 8
2 30 8
2 60 8
2 90 8
2 120 8
2 150 8
2 200 8
2 250 8
2 300 8
2 400 8
2 500 8
2.5 30 8
2.5 60 8
2.5 90 8
2.5 120 8
2.5 150 8
2.5 200 8
2.5 250 8
2.5 300 8
2.5 400 8
2.5 500 8
3 30 8
3 60 8
3 90 8
3 120 8
3 150 8
3 200 8
3 250 8
3 300 8
3 400 8
3 500 8
3.5 30 8
3.5 60 8
3.5 90 8
3.5 120 8
3.5 150 8
3.5 200 8
3.5 250 8
3.5 300 8
3.5 400 8
3.5 500 8
4 30 8
4 60 8
4 90 8
4 120 8
4 150 8
4 200 8
4 250 8
4 300 8
4 400 8
4 500 8
4.5 30 8
4.5 60 8
4.5 90 8
4.5 120 8
4.5 150 8
4.5 200 8
4.5 250 8
4.5 300 8
4.5 400 8
4.5 500 8
5 30 8
5 60 8
5 90 8
5 120 8
5 150 8
5 200 8
5 250 8
5 300 8
5 400 8
5 500 8
5.5 30 8
5.5 60 8
5.5 90 8
5.5 120 8
5.5 150 8
5.5 200 8
5.5 250 8
5.5 300 8
5.5 400 8
5.5 500 8
6 30 8
6 60 8
6 90 8
6 120 8
6 150 8
6 200 8
6 250 8
6 300 8
6 400 8
6 500 8
1.5 30 9
1.5 60 9
1.5 90 9
1.5 120 9
1.5 150 9
1.5 200 9
1.5 250 9
1.5 300 9
1.5 400 9
1.5 500 9
2 30 9
2 60 9
2 90 9
2 120 9
2 150 9
2 200 9
2 250 9
2 300 9
2 400 9
2 500 9
2.5 30 9
2.5 60 9
2.5 90 9
2.5 120 9
2.5 150 9
2.5 200 9
2.5 250 9
2.5 300 9
2.5 400 9
2.5 500 9
3 30 9
3 60 9
3 90 9
3 120 9
3 150 9
3 200 9
3 250 9
3 300 9
3 400 9
3 500 9
3.5 30 9
3.5 60 9
3.5 90 9
3.5 120 9
3.5 150 9
3.5 200 9
3.5 250 9
3.5 300 9
3.5 400 9
3.5 500 9
4 30 9
4 60 9
4 90 9
4 120 9
4 150 9
4 200 9
4 250 9
4 300 9
4 400 9
4 500 9
4.5 30 9
4.5 60 9
4.5 90 9
4.5 120 9
4.5 150 9
4.5 200 9
4.5 250 9
4.5 300 9
4.5 400 9
4.5 500 9
5 30 9
5 60 9
5 90 9
5 120 9
5 150 9
5 200 9
5 250 9
5 300 9
5 400 9
5 500 9
5.5 30 9
5.5 60 9
5.5 90 9
5.5 120 9
5.5 150 9
5.5 200 9
5.5 250 9
5.5 300 9
5.5 400 9
5.5 500 9
6 30 9
6 60 9
6 90 9
6 120 9
6 150 9
6 200 9
6 250 9
6 300 9
6 400 9
6 500 9
1.5 30 10
1.5 60 10
1.5 90 10
1.5 120 10
1.5 150 10
1.5 200 10
1.5 250 10
1.5 300 10
1.5 400 10
1.5 500 10
2 30 10
2 60 10
2 90 10
2 120 10
2 150 10
2 200 10
2 250 10
2 300 10
2 400 10
2 500 10
2.5 30 10
2.5 60 10
2.5 90 10
2.5 120 10
2.5 150 10
2.5 200 10
2.5 250 10
2.5 300 10
2.5 400 10
2.5 500 10
3 30 10
3 60 10
3 90 10
3 120 10
3 150 10
3 200 10
3 250 10
3 300 10
3 400 10
3 500 10
3.5 30 10
3.5 60 10
3.5 90 10
3.5 120 10
3.5 150 10
3.5 200 10
3.5 250 10
3.5 300 10
3.5 400 10
3.5 500 10
4 30 10
4 60 10
4 90 10
4 120 10
4 150 10
4 200 10
4 250 10
4 300 10
4 400 10
4 500 10
4.5 30 10
4.5 60 10
4.5 90 10
4.5 120 10
4.5 150 10
4.5 200 10
4.5 250 10
4.5 300 10
4.5 400 10
4.5 500 10
5 30 10
5 60 10
5 90 10
5 120 10
5 150 10
5 200 10
5 250 10
5 300 10
5 400 10
5 500 10
5.5 30 10
5.5 60 10
5.5 90 10
5.5 120 10
5.5 150 10
5.5 200 10
5.5 250 10
5.5 300 10
5.5 400 10
5.5 500 10
6 30 10
6 60 10
6 90 10
6 120 10
6 150 10
6 200 10
6 250 10
6 300 10
6 400 10
6 500 10
