6.5 30 1
6.5 60 1
6.5 90 1
6.5 120 1
6.5 150 1
6.5 200 1
6.5 250 1
6.5 300 1
6.5 400 1
6.5 500 1
7 30 1
7 60 1
7 90 1
7 120 1
7 150 1
7 200 1
7 250 1
7 300 1
7 400 1
7 500 1
8 30 1
8 60 1
8 90 1
8 120 1
8 150 1
8 200 1
8 250 1
8 300 1
8 400 1
8 500 1
9 30 1
9 60 1
9 90 1
9 120 1
9 150 1
9 200 1
9 250 1
9 300 1
9 400 1
9 500 1
10 30 1
10 60 1
10 90 1
10 120 1
10 150 1
10 200 1
10 250 1
10 300 1
10 400 1
10 500 1
11 30 1
11 60 1
11 90 1
11 120 1
11 150 1
11 200 1
11 250 1
11 300 1
11 400 1
11 500 1
12 30 1
12 60 1
12 90 1
12 120 1
12 150 1
12 200 1
12 250 1
12 300 1
12 400 1
12 500 1
13 30 1
13 60 1
13 90 1
13 120 1
13 150 1
13 200 1
13 250 1
13 300 1
13 400 1
13 500 1
14 30 1
14 60 1
14 90 1
14 120 1
14 150 1
14 200 1
14 250 1
14 300 1
14 400 1
14 500 1
15 30 1
15 60 1
15 90 1
15 120 1
15 150 1
15 200 1
15 250 1
15 300 1
15 400 1
15 500 1
6.5 30 2
6.5 60 2
6.5 90 2
6.5 120 2
6.5 150 2
6.5 200 2
6.5 250 2
6.5 300 2
6.5 400 2
6.5 500 2
7 30 2
7 60 2
7 90 2
7 120 2
7 150 2
7 200 2
7 250 2
7 300 2
7 400 2
7 500 2
8 30 2
8 60 2
8 90 2
8 120 2
8 150 2
8 200 2
8 250 2
8 300 2
8 400 2
8 500 2
9 30 2
9 60 2
9 90 2
9 120 2
9 150 2
9 200 2
9 250 2
9 300 2
9 400 2
9 500 2
10 30 2
10 60 2
10 90 2
10 120 2
10 150 2
10 200 2
10 250 2
10 300 2
10 400 2
10 500 2
11 30 2
11 60 2
11 90 2
11 120 2
11 150 2
11 200 2
11 250 2
11 300 2
11 400 2
11 500 2
12 30 2
12 60 2
12 90 2
12 120 2
12 150 2
12 200 2
12 250 2
12 300 2
12 400 2
12 500 2
13 30 2
13 60 2
13 90 2
13 120 2
13 150 2
13 200 2
13 250 2
13 300 2
13 400 2
13 500 2
14 30 2
14 60 2
14 90 2
14 120 2
14 150 2
14 200 2
14 250 2
14 300 2
14 400 2
14 500 2
15 30 2
15 60 2
15 90 2
15 120 2
15 150 2
15 200 2
15 250 2
15 300 2
15 400 2
15 500 2
6.5 30 3
6.5 60 3
6.5 90 3
6.5 120 3
6.5 150 3
6.5 200 3
6.5 250 3
6.5 300 3
6.5 400 3
6.5 500 3
7 30 3
7 60 3
7 90 3
7 120 3
7 150 3
7 200 3
7 250 3
7 300 3
7 400 3
7 500 3
8 30 3
8 60 3
8 90 3
8 120 3
8 150 3
8 200 3
8 250 3
8 300 3
8 400 3
8 500 3
9 30 3
9 60 3
9 90 3
9 120 3
9 150 3
9 200 3
9 250 3
9 300 3
9 400 3
9 500 3
10 30 3
10 60 3
10 90 3
10 120 3
10 150 3
10 200 3
10 250 3
10 300 3
10 400 3
10 500 3
11 30 3
11 60 3
11 90 3
11 120 3
11 150 3
11 200 3
11 250 3
11 300 3
11 400 3
11 500 3
12 30 3
12 60 3
12 90 3
12 120 3
12 150 3
12 200 3
12 250 3
12 300 3
12 400 3
12 500 3
13 30 3
13 60 3
13 90 3
13 120 3
13 150 3
13 200 3
13 250 3
13 300 3
13 400 3
13 500 3
14 30 3
14 60 3
14 90 3
14 120 3
14 150 3
14 200 3
14 250 3
14 300 3
14 400 3
14 500 3
15 30 3
15 60 3
15 90 3
15 120 3
15 150 3
15 200 3
15 250 3
15 300 3
15 400 3
15 500 3
6.5 30 4
6.5 60 4
6.5 90 4
6.5 120 4
6.5 150 4
6.5 200 4
6.5 250 4
6.5 300 4
6.5 400 4
6.5 500 4
7 30 4
7 60 4
7 90 4
7 120 4
7 150 4
7 200 4
7 250 4
7 300 4
7 400 4
7 500 4
8 30 4
8 60 4
8 90 4
8 120 4
8 150 4
8 200 4
8 250 4
8 300 4
8 400 4
8 500 4
9 30 4
9 60 4
9 90 4
9 120 4
9 150 4
9 200 4
9 250 4
9 300 4
9 400 4
9 500 4
10 30 4
10 60 4
10 90 4
10 120 4
10 150 4
10 200 4
10 250 4
10 300 4
10 400 4
10 500 4
11 30 4
11 60 4
11 90 4
11 120 4
11 150 4
11 200 4
11 250 4
11 300 4
11 400 4
11 500 4
12 30 4
12 60 4
12 90 4
12 120 4
12 150 4
12 200 4
12 250 4
12 300 4
12 400 4
12 500 4
13 30 4
13 60 4
13 90 4
13 120 4
13 150 4
13 200 4
13 250 4
13 300 4
13 400 4
13 500 4
14 30 4
14 60 4
14 90 4
14 120 4
14 150 4
14 200 4
14 250 4
14 300 4
14 400 4
14 500 4
15 30 4
15 60 4
15 90 4
15 120 4
15 150 4
15 200 4
15 250 4
15 300 4
15 400 4
15 500 4
6.5 30 5
6.5 60 5
6.5 90 5
6.5 120 5
6.5 150 5
6.5 200 5
6.5 250 5
6.5 300 5
6.5 400 5
6.5 500 5
7 30 5
7 60 5
7 90 5
7 120 5
7 150 5
7 200 5
7 250 5
7 300 5
7 400 5
7 500 5
8 30 5
8 60 5
8 90 5
8 120 5
8 150 5
8 200 5
8 250 5
8 300 5
8 400 5
8 500 5
9 30 5
9 60 5
9 90 5
9 120 5
9 150 5
9 200 5
9 250 5
9 300 5
9 400 5
9 500 5
10 30 5
10 60 5
10 90 5
10 120 5
10 150 5
10 200 5
10 250 5
10 300 5
10 400 5
10 500 5
11 30 5
11 60 5
11 90 5
11 120 5
11 150 5
11 200 5
11 250 5
11 300 5
11 400 5
11 500 5
12 30 5
12 60 5
12 90 5
12 120 5
12 150 5
12 200 5
12 250 5
12 300 5
12 400 5
12 500 5
13 30 5
13 60 5
13 90 5
13 120 5
13 150 5
13 200 5
13 250 5
13 300 5
13 400 5
13 500 5
14 30 5
14 60 5
14 90 5
14 120 5
14 150 5
14 200 5
14 250 5
14 300 5
14 400 5
14 500 5
15 30 5
15 60 5
15 90 5
15 120 5
15 150 5
15 200 5
15 250 5
15 300 5
15 400 5
15 500 5
6.5 30 6
6.5 60 6
6.5 90 6
6.5 120 6
6.5 150 6
6.5 200 6
6.5 250 6
6.5 300 6
6.5 400 6
6.5 500 6
7 30 6
7 60 6
7 90 6
7 120 6
7 150 6
7 200 6
7 250 6
7 300 6
7 400 6
7 500 6
8 30 6
8 60 6
8 90 6
8 120 6
8 150 6
8 200 6
8 250 6
8 300 6
8 400 6
8 500 6
9 30 6
9 60 6
9 90 6
9 120 6
9 150 6
9 200 6
9 250 6
9 300 6
9 400 6
9 500 6
10 30 6
10 60 6
10 90 6
10 120 6
10 150 6
10 200 6
10 250 6
10 300 6
10 400 6
10 500 6
11 30 6
11 60 6
11 90 6
11 120 6
11 150 6
11 200 6
11 250 6
11 300 6
11 400 6
11 500 6
12 30 6
12 60 6
12 90 6
12 120 6
12 150 6
12 200 6
12 250 6
12 300 6
12 400 6
12 500 6
13 30 6
13 60 6
13 90 6
13 120 6
13 150 6
13 200 6
13 250 6
13 300 6
13 400 6
13 500 6
14 30 6
14 60 6
14 90 6
14 120 6
14 150 6
14 200 6
14 250 6
14 300 6
14 400 6
14 500 6
15 30 6
15 60 6
15 90 6
15 120 6
15 150 6
15 200 6
15 250 6
15 300 6
15 400 6
15 500 6
6.5 30 7
6.5 60 7
6.5 90 7
6.5 120 7
6.5 150 7
6.5 200 7
6.5 250 7
6.5 300 7
6.5 400 7
6.5 500 7
7 30 7
7 60 7
7 90 7
7 120 7
7 150 7
7 200 7
7 250 7
7 300 7
7 400 7
7 500 7
8 30 7
8 60 7
8 90 7
8 120 7
8 150 7
8 200 7
8 250 7
8 300 7
8 400 7
8 500 7
9 30 7
9 60 7
9 90 7
9 120 7
9 150 7
9 200 7
9 250 7
9 300 7
9 400 7
9 500 7
10 30 7
10 60 7
10 90 7
10 120 7
10 150 7
10 200 7
10 250 7
10 300 7
10 400 7
10 500 7
11 30 7
11 60 7
11 90 7
11 120 7
11 150 7
11 200 7
11 250 7
11 300 7
11 400 7
11 500 7
12 30 7
12 60 7
12 90 7
12 120 7
12 150 7
12 200 7
12 250 7
12 300 7
12 400 7
12 500 7
13 30 7
13 60 7
13 90 7
13 120 7
13 150 7
13 200 7
13 250 7
13 300 7
13 400 7
13 500 7
14 30 7
14 60 7
14 90 7
14 120 7
14 150 7
14 200 7
14 250 7
14 300 7
14 400 7
14 500 7
15 30 7
15 60 7
15 90 7
15 120 7
15 150 7
15 200 7
15 250 7
15 300 7
15 400 7
15 500 7
6.5 30 8
6.5 60 8
6.5 90 8
6.5 120 8
6.5 150 8
6.5 200 8
6.5 250 8
6.5 300 8
6.5 400 8
6.5 500 8
7 30 8
7 60 8
7 90 8
7 120 8
7 150 8
7 200 8
7 250 8
7 300 8
7 400 8
7 500 8
8 30 8
8 60 8
8 90 8
8 120 8
8 150 8
8 200 8
8 250 8
8 300 8
8 400 8
8 500 8
9 30 8
9 60 8
9 90 8
9 120 8
9 150 8
9 200 8
9 250 8
9 300 8
9 400 8
9 500 8
10 30 8
10 60 8
10 90 8
10 120 8
10 150 8
10 200 8
10 250 8
10 300 8
10 400 8
10 500 8
11 30 8
11 60 8
11 90 8
11 120 8
11 150 8
11 200 8
11 250 8
11 300 8
11 400 8
11 500 8
12 30 8
12 60 8
12 90 8
12 120 8
12 150 8
12 200 8
12 250 8
12 300 8
12 400 8
12 500 8
13 30 8
13 60 8
13 90 8
13 120 8
13 150 8
13 200 8
13 250 8
13 300 8
13 400 8
13 500 8
14 30 8
14 60 8
14 90 8
14 120 8
14 150 8
14 200 8
14 250 8
14 300 8
14 400 8
14 500 8
15 30 8
15 60 8
15 90 8
15 120 8
15 150 8
15 200 8
15 250 8
15 300 8
15 400 8
15 500 8
6.5 30 9
6.5 60 9
6.5 90 9
6.5 120 9
6.5 150 9
6.5 200 9
6.5 250 9
6.5 300 9
6.5 400 9
6.5 500 9
7 30 9
7 60 9
7 90 9
7 120 9
7 150 9
7 200 9
7 250 9
7 300 9
7 400 9
7 500 9
8 30 9
8 60 9
8 90 9
8 120 9
8 150 9
8 200 9
8 250 9
8 300 9
8 400 9
8 500 9
9 30 9
9 60 9
9 90 9
9 120 9
9 150 9
9 200 9
9 250 9
9 300 9
9 400 9
9 500 9
10 30 9
10 60 9
10 90 9
10 120 9
10 150 9
10 200 9
10 250 9
10 300 9
10 400 9
10 500 9
11 30 9
11 60 9
11 90 9
11 120 9
11 150 9
11 200 9
11 250 9
11 300 9
11 400 9
11 500 9
12 30 9
12 60 9
12 90 9
12 120 9
12 150 9
12 200 9
12 250 9
12 300 9
12 400 9
12 500 9
13 30 9
13 60 9
13 90 9
13 120 9
13 150 9
13 200 9
13 250 9
13 300 9
13 400 9
13 500 9
14 30 9
14 60 9
14 90 9
14 120 9
14 150 9
14 200 9
14 250 9
14 300 9
14 400 9
14 500 9
15 30 9
15 60 9
15 90 9
15 120 9
15 150 9
15 200 9
15 250 9
15 300 9
15 400 9
15 500 9
6.5 30 10
6.5 60 10
6.5 90 10
6.5 120 10
6.5 150 10
6.5 200 10
6.5 250 10
6.5 300 10
6.5 400 10
6.5 500 10
7 30 10
7 60 10
7 90 10
7 120 10
7 150 10
7 200 10
7 250 10
7 300 10
7 400 10
7 500 10
8 30 10
8 60 10
8 90 10
8 120 10
8 150 10
8 200 10
8 250 10
8 300 10
8 400 10
8 500 10
9 30 10
9 60 10
9 90 10
9 120 10
9 150 10
9 200 10
9 250 10
9 300 10
9 400 10
9 500 10
10 30 10
10 60 10
10 90 10
10 120 10
10 150 10
10 200 10
10 250 10
10 300 10
10 400 10
10 500 10
11 30 10
11 60 10
11 90 10
11 120 10
11 150 10
11 200 10
11 250 10
11 300 10
11 400 10
11 500 10
12 30 10
12 60 10
12 90 10
12 120 10
12 150 10
12 200 10
12 250 10
12 300 10
12 400 10
12 500 10
13 30 10
13 60 10
13 90 10
13 120 10
13 150 10
13 200 10
13 250 10
13 300 10
13 400 10
13 500 10
14 30 10
14 60 10
14 90 10
14 120 10
14 150 10
14 200 10
14 250 10
14 300 10
14 400 10
14 500 10
15 30 10
15 60 10
15 90 10
15 120 10
15 150 10
15 200 10
15 250 10
15 300 10
15 400 10
15 500 10
