1 0.2116 0.044419 0.0092876 0.0019613 0.00040381 5.7687e-05 0 0 0
1 0.21936 0.047873 0.010405 0.0022643 0.0004852 0.00010782 0 0 0
1 0.22315 0.049642 0.010985 0.0024585 0.00052309 0.00010462 0 0 0
1 0.22501 0.050552 0.011348 0.0025276 0.00056742 0.00010317 5.1584e-05 0 0
1 0.22601 0.051032 0.011477 0.0026131 0.00056361 0.00015371 5.1237e-05 0 0
1 0.22671 0.051349 0.011626 0.0026516 0.0006119 0.00015298 5.0992e-05 0 0
1 0.22702 0.051501 0.011705 0.0026463 0.00061069 0.00015267 5.0891e-05 0 0
1 0.22719 0.051588 0.011741 0.0026429 0.00060991 0.00015248 5.0826e-05 0 0
1 0.2274 0.051689 0.011768 0.0026884 0.0006087 0.00015218 5.0725e-05 0 0
1 0.22758 0.051795 0.011797 0.0026834 0.00060756 0.00015189 5.063e-05 0 0
1 0.20906 0.043327 0.0090006 0.0018622 0.00037244 6.2073e-05 0 0 0
1 0.21693 0.046841 0.010087 0.0021449 0.00046377 0.00011594 0 0 0
1 0.22069 0.04858 0.010627 0.0023053 0.00050604 0.00011245 0 0 0
1 0.22263 0.049448 0.010976 0.0024392 0.00055435 0.00011087 0 0 0
1 0.2236 0.049939 0.011122 0.0024777 0.0005506 0.00011012 0 0 0
1 0.22433 0.050301 0.011288 0.0025205 0.00054795 0.00010959 5.4795e-05 0 0
1 0.2246 0.050421 0.01132 0.0025156 0.00054687 0.00010937 5.4687e-05 0 0
1 0.22477 0.050524 0.011361 0.0025672 0.00054621 0.00010924 5.4621e-05 0 0
1 0.22499 0.050592 0.011394 0.0025623 0.00059968 0.00010903 5.4517e-05 0 0
1 0.2252 0.050721 0.011429 0.0025578 0.00059864 0.00010884 5.4422e-05 0 0
1 0.20814 0.043009 0.0088839 0.0018332 0.00035253 7.0507e-05 0 0 0
1 0.21617 0.04651 0.0099993 0.0021051 0.0004605 6.5785e-05 0 0 0
1 0.22009 0.048278 0.010587 0.0022959 0.0005102 0.00012755 0 0 0
1 0.22203 0.049158 0.010875 0.0023887 0.00050289 0.00012572 0 0 0
1 0.22299 0.049691 0.011049 0.0024346 0.00056183 0.00012485 0 0 0
1 0.22372 0.050012 0.011183 0.0024851 0.00055915 0.00012425 0 0 0
1 0.22403 0.050164 0.011223 0.0025423 0.00055807 0.00012402 0 0 0
1 0.22422 0.050232 0.011273 0.0025395 0.00055745 0.00012388 0 0 0
1 0.2244 0.050334 0.011316 0.0025352 0.00055652 0.00012367 0 0 0
1 0.22455 0.050441 0.011298 0.0025313 0.00055566 0.00012348 0 0 0
1 0.21153 0.044392 0.0093333 0.0019608 0.00039216 7.8431e-05 0 0 0
1 0.21975 0.047988 0.010461 0.0022677 0.00051207 7.3153e-05 0 0 0
1 0.2237 0.049844 0.011061 0.0024816 0.00056721 0.0001418 0 0 0
1 0.2257 0.0508 0.01139 0.0025854 0.00055901 0.00013975 0 0 0
1 0.2267 0.05135 0.011588 0.0026369 0.00062452 0.00013878 0 0 0
1 0.22747 0.051723 0.01174 0.0026932 0.0006215 0.00013811 0 0 0
1 0.22774 0.051833 0.011787 0.0026882 0.00062035 0.00013785 0 0 0
1 0.22791 0.051918 0.011843 0.0026854 0.00061971 0.00013771 0 0 0
1 0.22807 0.052049 0.011895 0.0026815 0.00061881 0.00013751 0 0 0
1 0.22823 0.052115 0.011879 0.0026778 0.00061796 0.00013732 0 0 0
1 0.21813 0.047214 0.010215 0.002232 0.00051507 8.5844e-05 0 0 0
1 0.22657 0.051017 0.011453 0.0025629 0.00056063 0.00016018 0 0 0
1 0.23063 0.05302 0.01211 0.0027946 0.00062102 0.00015526 0 0 0
1 0.23263 0.054009 0.012546 0.002907 0.00068849 0.000153 0 0 0
1 0.23369 0.054547 0.012687 0.0029629 0.00068373 0.00015194 0 0 0
1 0.23452 0.054963 0.012852 0.0030241 0.00068043 0.00015121 7.5603e-05 0 0
1 0.23477 0.05509 0.012905 0.0030186 0.00067919 0.00015093 7.5466e-05 0 0
1 0.23494 0.055191 0.012968 0.0030159 0.00067858 0.0001508 7.5398e-05 0 0
1 0.23507 0.055267 0.013026 0.0030871 0.00075296 0.00015059 7.5296e-05 0 0
1 0.23524 0.055351 0.01301 0.0030834 0.00075205 0.00015041 7.5205e-05 0 0
1 0.22735 0.051337 0.011604 0.0025993 0.000557 9.2833e-05 0 0 0
1 0.236 0.055382 0.013001 0.0030335 0.00069336 0.00017334 0 0 0
1 0.24013 0.057469 0.013695 0.0032768 0.00075618 0.00016804 8.4019e-05 0 0
1 0.24222 0.058546 0.01416 0.0033952 0.00082809 0.00016562 8.2809e-05 0 0
1 0.24332 0.059123 0.014308 0.0034537 0.0008223 0.00016446 8.223e-05 0 0
1 0.24413 0.059579 0.014486 0.0035191 0.00090024 0.00024552 8.184e-05 0 0
1 0.24444 0.059722 0.014624 0.0035948 0.00089869 0.0002451 8.1699e-05 0 0
1 0.24455 0.059832 0.014611 0.0035915 0.00089789 0.00024488 8.1626e-05 0 0
1 0.24466 0.05984 0.014675 0.0035872 0.00089679 0.00024458 8.1526e-05 0 0
1 0.24481 0.05994 0.014659 0.0035834 0.00089584 0.00024432 8.144e-05 0 0
1 0.2385 0.05644 0.013339 0.0031853 0.00069679 0.00019908 0 0 0
1 0.24735 0.060837 0.014977 0.0036279 0.00093023 0.00018605 9.3023e-05 0 0
1 0.25158 0.063143 0.015786 0.003969 0.00099224 0.00027061 9.0204e-05 0 0
1 0.25378 0.06429 0.016272 0.0040903 0.001067 0.00026676 8.8921e-05 0 0
1 0.25486 0.064906 0.016514 0.0041505 0.0010597 0.00026492 8.8308e-05 0 0
1 0.25569 0.065395 0.0167 0.004219 0.0010548 0.00026369 8.7897e-05 0 0
1 0.25603 0.065544 0.016759 0.0042994 0.0010529 0.00026323 8.7742e-05 0 0
1 0.25618 0.06558 0.016833 0.004296 0.0011398 0.00026302 8.7673e-05 0 0
1 0.25626 0.065686 0.016816 0.0042915 0.0011386 0.00026274 8.7581e-05 0 0
1 0.25637 0.06571 0.016887 0.0042873 0.0011375 0.00026249 8.7497e-05 0 0
1 0.25101 0.06254 0.015502 0.0038225 0.00095562 0.00021236 0.00010618 0 0
1 0.25996 0.067249 0.017384 0.0044701 0.001192 0.000298 9.9334e-05 0 0
1 0.26433 0.069673 0.01831 0.0048183 0.0012528 0.0002891 9.6367e-05 0 0
1 0.26658 0.070872 0.018811 0.0050352 0.00133 0.00038001 9.5003e-05 0 0
1 0.26769 0.071617 0.019155 0.0050953 0.001321 0.00037743 9.4357e-05 0 0
1 0.26853 0.072039 0.019348 0.0051658 0.0014088 0.00037569 9.3923e-05 0 0
1 0.26882 0.072293 0.019409 0.0052508 0.0014065 0.00037506 9.3765e-05 0 0
1 0.269 0.072332 0.019488 0.0052469 0.0014054 0.00037478 9.3694e-05 0 0
1 0.26912 0.072452 0.01947 0.005242 0.0014041 0.00037443 9.3607e-05 0 0
1 0.26917 0.072484 0.019547 0.0052376 0.0014029 0.00037411 9.3528e-05 0 0
1 0.26378 0.069024 0.018075 0.0047447 0.0012427 0.00033891 0.00011297 0 0
1 0.27288 0.074172 0.020104 0.0053963 0.0014813 0.00042324 0.00010581 0 0
1 0.27737 0.07671 0.021154 0.0058534 0.001643 0.00041076 0.00010269 0 0
1 0.27957 0.078068 0.02177 0.0060753 0.0017213 0.00050628 0.00010126 0 0
1 0.2808 0.078749 0.022026 0.006135 0.0017097 0.00050287 0.00010057 0 0
1 0.28164 0.079295 0.022327 0.0063076 0.0018022 0.0005006 0.00010012 0 0
1 0.28199 0.079468 0.022391 0.0062975 0.0017993 0.0004998 9.996e-05 0 0
1 0.28206 0.079505 0.022473 0.0062924 0.0017978 0.0004994 9.988e-05 0 0
1 0.28224 0.079641 0.022455 0.0063872 0.0017964 0.000499 9.98e-05 0 0
1 0.28231 0.079677 0.022537 0.0063821 0.001795 0.0004986 9.9721e-05 0 0
1 0.2756 0.075481 0.020673 0.005649 0.0015625 0.00036058 0.00012019 0 0
1 0.28485 0.080789 0.022873 0.0064225 0.0018028 0.00056338 0.00011268 0 0
1 0.28947 0.083579 0.024067 0.006892 0.0019691 0.00054699 0.0001094 0 0
1 0.29169 0.084898 0.024703 0.0071197 0.0020496 0.00064725 0.00021575 0 0
1 0.29286 0.085727 0.025075 0.0072868 0.0021432 0.00064295 0.00021432 0 0
1 0.29379 0.086303 0.025283 0.0074675 0.0021336 0.00064007 0.00021336 0.00010668 0
1 0.29407 0.086484 0.025455 0.0074555 0.0022367 0.00063905 0.00021302 0.00010651 0
1 0.2942 0.086535 0.025439 0.0074508 0.0022352 0.00063864 0.00021288 0.00010644 0
1 0.29437 0.086674 0.025524 0.0075508 0.0022333 0.00063809 0.0002127 0.00010635 0
1 0.2944 0.086725 0.025507 0.007546 0.0022319 0.00063769 0.00021256 0.00010628 0
