1 0.1332 0.017623 0.0023352 0.00031136 3.1136e-05 0 0 0 0
1 0.13774 0.018888 0.002573 0.00035087 5.8478e-05 0 0 0 0
1 0.13998 0.019543 0.0027229 0.00036873 5.6728e-05 0 0 0 0
1 0.14132 0.019934 0.002812 0.00038978 5.5682e-05 0 0 0 0
1 0.14226 0.02019 0.0028568 0.00041203 5.4938e-05 0 0 0 0
1 0.14342 0.020531 0.0029446 0.00043223 5.4029e-05 0 0 0 0
1 0.14428 0.020787 0.0029886 0.00042694 5.3367e-05 0 0 0 0
1 0.14492 0.020963 0.0030401 0.0004494 5.2871e-05 0 0 0 0
1 0.14584 0.021248 0.0030801 0.00044375 7.8309e-05 0 0 0 0
1 0.14641 0.021423 0.0031345 0.00046629 7.7714e-05 0 0 0 0
1 0.14489 0.020851 0.0029929 0.00043231 6.6509e-05 0 0 0 0
1 0.14988 0.022354 0.0033139 0.00050022 6.2527e-05 0 0 0 0
1 0.15221 0.023108 0.0034966 0.00051689 9.1216e-05 0 0 0 0
1 0.15349 0.023526 0.0035917 0.00053876 8.9793e-05 0 0 0 0
1 0.15438 0.023805 0.0036715 0.00056256 8.8826e-05 0 0 0 0
1 0.15542 0.024127 0.0037388 0.00058418 8.7627e-05 0 0 0 0
1 0.15622 0.02439 0.0037856 0.00057795 8.6693e-05 0 0 0 0
1 0.15688 0.024575 0.0038381 0.0006015 8.5928e-05 2.8643e-05 0 0 0
1 0.15792 0.024921 0.0039274 0.00062161 8.4765e-05 2.8255e-05 0 0 0
1 0.15864 0.025158 0.0039738 0.00064364 0.00011194 2.7985e-05 0 0 0
1 0.15508 0.023877 0.0036652 0.00056935 7.1169e-05 0 0 0 0
1 0.16046 0.025633 0.0040826 0.00063581 0.00010039 0 0 0 0
1 0.16288 0.026457 0.0043009 0.00068424 9.7749e-05 3.2583e-05 0 0 0
1 0.16419 0.026893 0.0044019 0.00070687 0.00012852 3.2131e-05 0 0 0
1 0.16501 0.027193 0.0044579 0.00073237 0.00012737 3.1842e-05 0 0 0
1 0.16592 0.027496 0.0045669 0.00075591 0.00012598 3.1496e-05 0 0 0
1 0.16663 0.027755 0.0046207 0.00078052 0.00012488 3.1221e-05 0 0 0
1 0.16723 0.027949 0.0046788 0.00077464 0.00012394 3.0986e-05 0 0 0
1 0.16825 0.028276 0.0047433 0.00079564 0.00012241 3.0602e-05 0 0 0
1 0.16901 0.028547 0.0048185 0.00081823 0.00015152 3.0305e-05 0 0 0
1 0.16405 0.026695 0.0043412 0.00072353 0.00011424 0 0 0 0
1 0.16976 0.028681 0.0048339 0.00082355 0.00014323 3.5806e-05 0 0 0
1 0.17232 0.029616 0.005093 0.00087208 0.00013953 3.4883e-05 0 0 0
1 0.17365 0.030094 0.0051994 0.00089526 0.00017216 3.4433e-05 0 0 0
1 0.1744 0.03037 0.0052952 0.00092238 0.00017081 3.4162e-05 0 0 0
1 0.17524 0.030674 0.0053833 0.000948 0.00016928 3.3857e-05 0 0 0
1 0.17588 0.030894 0.0054123 0.00094127 0.00016808 3.3617e-05 0 0 0
1 0.17639 0.031102 0.0054787 0.0009688 0.00016703 3.3407e-05 0 0 0
1 0.1773 0.031429 0.0055521 0.00099144 0.00016524 3.3048e-05 0 0 0
1 0.17805 0.031674 0.0056338 0.0010154 0.00016377 3.2755e-05 0 0 0
1 0.17203 0.029351 0.0050071 0.00085487 0.00016283 4.0708e-05 0 0 0
1 0.17806 0.03157 0.005587 0.00099495 0.00019134 3.8267e-05 0 0 0
1 0.18076 0.032588 0.0058538 0.001044 0.00018643 3.7286e-05 0 0 0
1 0.1821 0.033105 0.0060024 0.0011047 0.00018412 3.6824e-05 0 0 0
1 0.18285 0.033419 0.006106 0.0010969 0.00021938 3.6563e-05 0 0 0
1 0.18364 0.033708 0.0061684 0.0011248 0.00021771 3.6284e-05 0 0 0
1 0.18416 0.033909 0.0062408 0.0011544 0.00021644 3.6074e-05 0 0 0
1 0.18464 0.034057 0.0062803 0.0011484 0.00021532 3.5887e-05 0 0 0
1 0.18546 0.034353 0.0063656 0.0011735 0.00021337 3.5562e-05 0 0 0
1 0.18612 0.034613 0.0064216 0.0011996 0.0002117 3.5283e-05 0 0 0
1 0.17925 0.031888 0.0056478 0.00099922 0.00017378 4.3444e-05 0 0 0
1 0.18556 0.034294 0.0063281 0.0011431 0.00020413 4.0826e-05 0 0 0
1 0.18838 0.0354 0.0066425 0.001233 0.00023865 3.9776e-05 0 0 0
1 0.18979 0.035954 0.0067979 0.0012967 0.00023577 3.9294e-05 0 0 0
1 0.19053 0.036264 0.0069092 0.0013272 0.00023421 3.9035e-05 0 0 0
1 0.19124 0.036566 0.0069797 0.0013184 0.00027143 3.8776e-05 0 0 0
1 0.19174 0.036735 0.007023 0.0013506 0.00027011 3.8588e-05 0 0 0
1 0.19215 0.036886 0.0070699 0.0013448 0.00026896 3.8423e-05 0 0 0
1 0.19285 0.037174 0.0071679 0.0013726 0.00026689 3.8127e-05 0 0 0
1 0.19347 0.037414 0.0072329 0.0014011 0.00026508 3.7869e-05 0 0 0
1 0.18589 0.03429 0.0062934 0.0011569 0.00023137 4.6275e-05 0 0 0
1 0.19244 0.036863 0.0070423 0.0013476 0.00026082 4.3471e-05 0 0 0
1 0.19538 0.038069 0.0074105 0.0014398 0.00029642 4.2346e-05 0 0 0
1 0.19681 0.038659 0.0075729 0.0015062 0.00029287 4.1839e-05 0 0 0
1 0.19756 0.038997 0.0076913 0.0014967 0.00029102 4.1575e-05 0 0 0
1 0.19825 0.039302 0.0077696 0.0015291 0.00028929 4.1327e-05 0 0 0
1 0.19871 0.03947 0.0078199 0.001564 0.0002881 4.1157e-05 0 0 0
1 0.19906 0.039615 0.0078737 0.0015583 0.00032807 8.2018e-05 0 0 0
1 0.19968 0.039847 0.0079449 0.001589 0.00032595 8.1486e-05 0 0 0
1 0.20021 0.040058 0.0080198 0.0016202 0.00032403 8.1008e-05 0 0 0
1 0.19198 0.036547 0.0069356 0.0013281 0.00024594 4.9188e-05 0 0 0
1 0.19877 0.039311 0.0077605 0.0015244 0.00032336 4.6194e-05 0 0 0
1 0.20182 0.040624 0.0081429 0.0016196 0.00031492 4.4988e-05 0 0 0
1 0.20332 0.04125 0.0083567 0.0016891 0.0003556 8.8901e-05 0 0 0
1 0.2041 0.041615 0.0084821 0.0017229 0.00035342 8.8355e-05 0 0 0
1 0.20475 0.041916 0.0085677 0.0017575 0.00035149 8.7873e-05 0 0 0
1 0.20515 0.042072 0.0086245 0.0017512 0.00035023 8.7558e-05 0 0 0
1 0.20544 0.042205 0.0086418 0.0017895 0.00034916 8.7291e-05 0 0 0
1 0.206 0.042406 0.0087243 0.0017796 0.00039064 8.6809e-05 0 0 0
1 0.20651 0.042624 0.0088098 0.0018138 0.00038867 8.6371e-05 0 0 0
1 0.19765 0.038769 0.0076181 0.001461 0.00031307 5.2178e-05 0 0 0
1 0.20466 0.041687 0.0084746 0.0017145 0.0003429 4.8986e-05 0 0 0
1 0.20781 0.04307 0.0089192 0.0018602 0.00038157 9.5393e-05 0 0 0
1 0.20938 0.043779 0.0091423 0.001885 0.000377 9.4251e-05 0 0 0
1 0.21013 0.044124 0.0092276 0.0019205 0.00042157 9.3681e-05 0 0 0
1 0.21083 0.044412 0.0093671 0.0019573 0.00041942 9.3205e-05 0 0 0
1 0.21119 0.044597 0.009384 0.0019976 0.0004181 9.2911e-05 0 0 0
1 0.21147 0.044713 0.0094523 0.0019924 0.00041701 9.267e-05 0 0 0
1 0.21194 0.044916 0.0094997 0.0020291 0.00041503 9.223e-05 0 0 0
1 0.21239 0.045085 0.0095496 0.0020201 0.0004132 9.1823e-05 0 0 0
1 0.21584 0.046233 0.0098957 0.0021281 0.00042562 0.00010641 0 0 0
1 0.22362 0.049771 0.011049 0.0024388 0.00054748 9.9542e-05 4.9771e-05 0 0
1 0.22736 0.051551 0.011644 0.0026089 0.00057977 0.00014494 4.8314e-05 0 0
1 0.22921 0.052466 0.011961 0.0027162 0.00061949 0.00014296 4.7653e-05 0 0
1 0.23021 0.052926 0.012166 0.002793 0.00061541 0.00014202 4.734e-05 0 0
1 0.23091 0.053286 0.012297 0.0028269 0.0006596 0.00014134 4.7114e-05 0 0
1 0.23124 0.053461 0.012366 0.0028682 0.00065827 0.00014106 4.7019e-05 0 0
1 0.2314 0.053531 0.012397 0.0028644 0.0006574 0.00014087 4.6957e-05 0 0
1 0.23162 0.053653 0.012417 0.0028583 0.00065601 0.00014057 4.6858e-05 0 0
1 0.23182 0.053734 0.01244 0.0028995 0.00065473 0.0001403 4.6766e-05 0 0
