1 0.1332 0.017623 0.0023352 0.00031136 3.1136e-05 0 0 0 0
1 0.13774 0.018888 0.002573 0.00035087 5.8478e-05 0 0 0 0
1 0.13998 0.019543 0.0027229 0.00036873 5.6728e-05 0 0 0 0
1 0.14132 0.019934 0.002812 0.00038978 5.5682e-05 0 0 0 0
1 0.14226 0.02019 0.0028568 0.00041203 5.4938e-05 0 0 0 0
1 0.14342 0.020531 0.0029446 0.00043223 5.4029e-05 0 0 0 0
1 0.14428 0.020787 0.0029886 0.00042694 5.3367e-05 0 0 0 0
1 0.14492 0.020963 0.0030401 0.0004494 5.2871e-05 0 0 0 0
1 0.14584 0.021248 0.0030801 0.00044375 7.8309e-05 0 0 0 0
1 0.14641 0.021423 0.0031345 0.00046629 7.7714e-05 0 0 0 0
1 0.14489 0.020851 0.0029929 0.00043231 6.6509e-05 0 0 0 0
1 0.14988 0.022354 0.0033139 0.00050022 6.2527e-05 0 0 0 0
1 0.15221 0.023108 0.0034966 0.00051689 9.1216e-05 0 0 0 0
1 0.15349 0.023526 0.0035917 0.00053876 8.9793e-05 0 0 0 0
1 0.15438 0.023805 0.0036715 0.00056256 8.8826e-05 0 0 0 0
1 0.15542 0.024127 0.0037388 0.00058418 8.7627e-05 0 0 0 0
1 0.15622 0.02439 0.0037856 0.00057795 8.6693e-05 0 0 0 0
1 0.15688 0.024575 0.0038381 0.0006015 8.5928e-05 2.8643e-05 0 0 0
1 0.15792 0.024921 0.0039274 0.00062161 8.4765e-05 2.8255e-05 0 0 0
1 0.15864 0.025158 0.0039738 0.00064364 0.00011194 2.7985e-05 0 0 0
1 0.15508 0.023877 0.0036652 0.00056935 7.1169e-05 0 0 0 0
1 0.16046 0.025633 0.0040826 0.00063581 0.00010039 0 0 0 0
1 0.16288 0.026457 0.0043009 0.00068424 9.7749e-05 3.2583e-05 0 0 0
1 0.16419 0.026893 0.0044019 0.00070687 0.00012852 3.2131e-05 0 0 0
1 0.16501 0.027193 0.0044579 0.00073237 0.00012737 3.1842e-05 0 0 0
1 0.16592 0.027496 0.0045669 0.00075591 0.00012598 3.1496e-05 0 0 0
1 0.16663 0.027755 0.0046207 0.00078052 0.00012488 3.1221e-05 0 0 0
1 0.16723 0.027949 0.0046788 0.00077464 0.00012394 3.0986e-05 0 0 0
1 0.16825 0.028276 0.0047433 0.00079564 0.00012241 3.0602e-05 0 0 0
1 0.16901 0.028547 0.0048185 0.00081823 0.00015152 3.0305e-05 0 0 0
1 0.16405 0.026695 0.0043412 0.00072353 0.00011424 0 0 0 0
1 0.16976 0.028681 0.0048339 0.00082355 0.00014323 3.5806e-05 0 0 0
1 0.17232 0.029616 0.005093 0.00087208 0.00013953 3.4883e-05 0 0 0
1 0.17365 0.030094 0.0051994 0.00089526 0.00017216 3.4433e-05 0 0 0
1 0.1744 0.03037 0.0052952 0.00092238 0.00017081 3.4162e-05 0 0 0
1 0.17524 0.030674 0.0053833 0.000948 0.00016928 3.3857e-05 0 0 0
1 0.17588 0.030894 0.0054123 0.00094127 0.00016808 3.3617e-05 0 0 0
1 0.17639 0.031102 0.0054787 0.0009688 0.00016703 3.3407e-05 0 0 0
1 0.1773 0.031429 0.0055521 0.00099144 0.00016524 3.3048e-05 0 0 0
1 0.17805 0.031674 0.0056338 0.0010154 0.00016377 3.2755e-05 0 0 0
1 0.17203 0.029351 0.0050071 0.00085487 0.00016283 4.0708e-05 0 0 0
1 0.17806 0.03157 0.005587 0.00099495 0.00019134 3.8267e-05 0 0 0
1 0.18076 0.032588 0.0058538 0.001044 0.00018643 3.7286e-05 0 0 0
1 0.1821 0.033105 0.0060024 0.0011047 0.00018412 3.6824e-05 0 0 0
1 0.18285 0.033419 0.006106 0.0010969 0.00021938 3.6563e-05 0 0 0
1 0.18364 0.033708 0.0061684 0.0011248 0.00021771 3.6284e-05 0 0 0
1 0.18416 0.033909 0.0062408 0.0011544 0.00021644 3.6074e-05 0 0 0
1 0.18464 0.034057 0.0062803 0.0011484 0.00021532 3.5887e-05 0 0 0
1 0.18546 0.034353 0.0063656 0.0011735 0.00021337 3.5562e-05 0 0 0
1 0.18612 0.034613 0.0064216 0.0011996 0.0002117 3.5283e-05 0 0 0
1 0.17925 0.031888 0.0056478 0.00099922 0.00017378 4.3444e-05 0 0 0
1 0.18556 0.034294 0.0063281 0.0011431 0.00020413 4.0826e-05 0 0 0
1 0.18838 0.0354 0.0066425 0.001233 0.00023865 3.9776e-05 0 0 0
1 0.18979 0.035954 0.0067979 0.0012967 0.00023577 3.9294e-05 0 0 0
1 0.19053 0.036264 0.0069092 0.0013272 0.00023421 3.9035e-05 0 0 0
1 0.19124 0.036566 0.0069797 0.0013184 0.00027143 3.8776e-05 0 0 0
1 0.19174 0.036735 0.007023 0.0013506 0.00027011 3.8588e-05 0 0 0
1 0.19215 0.036886 0.0070699 0.0013448 0.00026896 3.8423e-05 0 0 0
1 0.19285 0.037174 0.0071679 0.0013726 0.00026689 3.8127e-05 0 0 0
1 0.19347 0.037414 0.0072329 0.0014011 0.00026508 3.7869e-05 0 0 0
1 0.18589 0.03429 0.0062934 0.0011569 0.00023137 4.6275e-05 0 0 0
1 0.19244 0.036863 0.0070423 0.0013476 0.00026082 4.3471e-05 0 0 0
1 0.19538 0.038069 0.0074105 0.0014398 0.00029642 4.2346e-05 0 0 0
1 0.19681 0.038659 0.0075729 0.0015062 0.00029287 4.1839e-05 0 0 0
1 0.19756 0.038997 0.0076913 0.0014967 0.00029102 4.1575e-05 0 0 0
1 0.19825 0.039302 0.0077696 0.0015291 0.00028929 4.1327e-05 0 0 0
1 0.19871 0.03947 0.0078199 0.001564 0.0002881 4.1157e-05 0 0 0
1 0.19906 0.039615 0.0078737 0.0015583 0.00032807 8.2018e-05 0 0 0
1 0.19968 0.039847 0.0079449 0.001589 0.00032595 8.1486e-05 0 0 0
1 0.20021 0.040058 0.0080198 0.0016202 0.00032403 8.1008e-05 0 0 0
1 0.19198 0.036547 0.0069356 0.0013281 0.00024594 4.9188e-05 0 0 0
1 0.19877 0.039311 0.0077605 0.0015244 0.00032336 4.6194e-05 0 0 0
1 0.20182 0.040624 0.0081429 0.0016196 0.00031492 4.4988e-05 0 0 0
1 0.20332 0.04125 0.0083567 0.0016891 0.0003556 8.8901e-05 0 0 0
1 0.2041 0.041615 0.0084821 0.0017229 0.00035342 8.8355e-05 0 0 0
1 0.20475 0.041916 0.0085677 0.0017575 0.00035149 8.7873e-05 0 0 0
1 0.20515 0.042072 0.0086245 0.0017512 0.00035023 8.7558e-05 0 0 0
1 0.20544 0.042205 0.0086418 0.0017895 0.00034916 8.7291e-05 0 0 0
1 0.206 0.042406 0.0087243 0.0017796 0.00039064 8.6809e-05 0 0 0
1 0.20651 0.042624 0.0088098 0.0018138 0.00038867 8.6371e-05 0 0 0
1 0.19765 0.038769 0.0076181 0.001461 0.00031307 5.2178e-05 0 0 0
1 0.20466 0.041687 0.0084746 0.0017145 0.0003429 4.8986e-05 0 0 0
1 0.20781 0.04307 0.0089192 0.0018602 0.00038157 9.5393e-05 0 0 0
1 0.20938 0.043779 0.0091423 0.001885 0.000377 9.4251e-05 0 0 0
1 0.21013 0.044124 0.0092276 0.0019205 0.00042157 9.3681e-05 0 0 0
1 0.21083 0.044412 0.0093671 0.0019573 0.00041942 9.3205e-05 0 0 0
1 0.21119 0.044597 0.009384 0.0019976 0.0004181 9.2911e-05 0 0 0
1 0.21147 0.044713 0.0094523 0.0019924 0.00041701 9.267e-05 0 0 0
1 0.21194 0.044916 0.0094997 0.0020291 0.00041503 9.223e-05 0 0 0
1 0.21239 0.045085 0.0095496 0.0020201 0.0004132 9.1823e-05 0 0 0
1 0.21584 0.046233 0.0098957 0.0021281 0.00042562 0.00010641 0 0 0
1 0.22362 0.049771 0.011049 0.0024388 0.00054748 9.9542e-05 4.9771e-05 0 0
1 0.22736 0.051551 0.011644 0.0026089 0.00057977 0.00014494 4.8314e-05 0 0
1 0.22921 0.052466 0.011961 0.0027162 0.00061949 0.00014296 4.7653e-05 0 0
1 0.23021 0.052926 0.012166 0.002793 0.00061541 0.00014202 4.734e-05 0 0
1 0.23091 0.053286 0.012297 0.0028269 0.0006596 0.00014134 4.7114e-05 0 0
1 0.23124 0.053461 0.012366 0.0028682 0.00065827 0.00014106 4.7019e-05 0 0
1 0.2314 0.053531 0.012397 0.0028644 0.0006574 0.00014087 4.6957e-05 0 0
1 0.23162 0.053653 0.012417 0.0028583 0.00065601 0.00014057 4.6858e-05 0 0
1 0.23182 0.053734 0.01244 0.0028995 0.00065473 0.0001403 4.6766e-05 0 0
1 0.2116 0.044419 0.0092876 0.0019613 0.00040381 5.7687e-05 0 0 0
1 0.21936 0.047873 0.010405 0.0022643 0.0004852 0.00010782 0 0 0
1 0.22315 0.049642 0.010985 0.0024585 0.00052309 0.00010462 0 0 0
1 0.22501 0.050552 0.011348 0.0025276 0.00056742 0.00010317 5.1584e-05 0 0
1 0.22601 0.051032 0.011477 0.0026131 0.00056361 0.00015371 5.1237e-05 0 0
1 0.22671 0.051349 0.011626 0.0026516 0.0006119 0.00015298 5.0992e-05 0 0
1 0.22702 0.051501 0.011705 0.0026463 0.00061069 0.00015267 5.0891e-05 0 0
1 0.22719 0.051588 0.011741 0.0026429 0.00060991 0.00015248 5.0826e-05 0 0
1 0.2274 0.051689 0.011768 0.0026884 0.0006087 0.00015218 5.0725e-05 0 0
1 0.22758 0.051795 0.011797 0.0026834 0.00060756 0.00015189 5.063e-05 0 0
1 0.20906 0.043327 0.0090006 0.0018622 0.00037244 6.2073e-05 0 0 0
1 0.21693 0.046841 0.010087 0.0021449 0.00046377 0.00011594 0 0 0
1 0.22069 0.04858 0.010627 0.0023053 0.00050604 0.00011245 0 0 0
1 0.22263 0.049448 0.010976 0.0024392 0.00055435 0.00011087 0 0 0
1 0.2236 0.049939 0.011122 0.0024777 0.0005506 0.00011012 0 0 0
1 0.22433 0.050301 0.011288 0.0025205 0.00054795 0.00010959 5.4795e-05 0 0
1 0.2246 0.050421 0.01132 0.0025156 0.00054687 0.00010937 5.4687e-05 0 0
1 0.22477 0.050524 0.011361 0.0025672 0.00054621 0.00010924 5.4621e-05 0 0
1 0.22499 0.050592 0.011394 0.0025623 0.00059968 0.00010903 5.4517e-05 0 0
1 0.2252 0.050721 0.011429 0.0025578 0.00059864 0.00010884 5.4422e-05 0 0
1 0.20814 0.043009 0.0088839 0.0018332 0.00035253 7.0507e-05 0 0 0
1 0.21617 0.04651 0.0099993 0.0021051 0.0004605 6.5785e-05 0 0 0
1 0.22009 0.048278 0.010587 0.0022959 0.0005102 0.00012755 0 0 0
1 0.22203 0.049158 0.010875 0.0023887 0.00050289 0.00012572 0 0 0
1 0.22299 0.049691 0.011049 0.0024346 0.00056183 0.00012485 0 0 0
1 0.22372 0.050012 0.011183 0.0024851 0.00055915 0.00012425 0 0 0
1 0.22403 0.050164 0.011223 0.0025423 0.00055807 0.00012402 0 0 0
1 0.22422 0.050232 0.011273 0.0025395 0.00055745 0.00012388 0 0 0
1 0.2244 0.050334 0.011316 0.0025352 0.00055652 0.00012367 0 0 0
1 0.22455 0.050441 0.011298 0.0025313 0.00055566 0.00012348 0 0 0
1 0.21153 0.044392 0.0093333 0.0019608 0.00039216 7.8431e-05 0 0 0
1 0.21975 0.047988 0.010461 0.0022677 0.00051207 7.3153e-05 0 0 0
1 0.2237 0.049844 0.011061 0.0024816 0.00056721 0.0001418 0 0 0
1 0.2257 0.0508 0.01139 0.0025854 0.00055901 0.00013975 0 0 0
1 0.2267 0.05135 0.011588 0.0026369 0.00062452 0.00013878 0 0 0
1 0.22747 0.051723 0.01174 0.0026932 0.0006215 0.00013811 0 0 0
1 0.22774 0.051833 0.011787 0.0026882 0.00062035 0.00013785 0 0 0
1 0.22791 0.051918 0.011843 0.0026854 0.00061971 0.00013771 0 0 0
1 0.22807 0.052049 0.011895 0.0026815 0.00061881 0.00013751 0 0 0
1 0.22823 0.052115 0.011879 0.0026778 0.00061796 0.00013732 0 0 0
1 0.21813 0.047214 0.010215 0.002232 0.00051507 8.5844e-05 0 0 0
1 0.22657 0.051017 0.011453 0.0025629 0.00056063 0.00016018 0 0 0
1 0.23063 0.05302 0.01211 0.0027946 0.00062102 0.00015526 0 0 0
1 0.23263 0.054009 0.012546 0.002907 0.00068849 0.000153 0 0 0
1 0.23369 0.054547 0.012687 0.0029629 0.00068373 0.00015194 0 0 0
1 0.23452 0.054963 0.012852 0.0030241 0.00068043 0.00015121 7.5603e-05 0 0
1 0.23477 0.05509 0.012905 0.0030186 0.00067919 0.00015093 7.5466e-05 0 0
1 0.23494 0.055191 0.012968 0.0030159 0.00067858 0.0001508 7.5398e-05 0 0
1 0.23507 0.055267 0.013026 0.0030871 0.00075296 0.00015059 7.5296e-05 0 0
1 0.23524 0.055351 0.01301 0.0030834 0.00075205 0.00015041 7.5205e-05 0 0
1 0.22735 0.051337 0.011604 0.0025993 0.000557 9.2833e-05 0 0 0
1 0.236 0.055382 0.013001 0.0030335 0.00069336 0.00017334 0 0 0
1 0.24013 0.057469 0.013695 0.0032768 0.00075618 0.00016804 8.4019e-05 0 0
1 0.24222 0.058546 0.01416 0.0033952 0.00082809 0.00016562 8.2809e-05 0 0
1 0.24332 0.059123 0.014308 0.0034537 0.0008223 0.00016446 8.223e-05 0 0
1 0.24413 0.059579 0.014486 0.0035191 0.00090024 0.00024552 8.184e-05 0 0
1 0.24444 0.059722 0.014624 0.0035948 0.00089869 0.0002451 8.1699e-05 0 0
1 0.24455 0.059832 0.014611 0.0035915 0.00089789 0.00024488 8.1626e-05 0 0
1 0.24466 0.05984 0.014675 0.0035872 0.00089679 0.00024458 8.1526e-05 0 0
1 0.24481 0.05994 0.014659 0.0035834 0.00089584 0.00024432 8.144e-05 0 0
1 0.2385 0.05644 0.013339 0.0031853 0.00069679 0.00019908 0 0 0
1 0.24735 0.060837 0.014977 0.0036279 0.00093023 0.00018605 9.3023e-05 0 0
1 0.25158 0.063143 0.015786 0.003969 0.00099224 0.00027061 9.0204e-05 0 0
1 0.25378 0.06429 0.016272 0.0040903 0.001067 0.00026676 8.8921e-05 0 0
1 0.25486 0.064906 0.016514 0.0041505 0.0010597 0.00026492 8.8308e-05 0 0
1 0.25569 0.065395 0.0167 0.004219 0.0010548 0.00026369 8.7897e-05 0 0
1 0.25603 0.065544 0.016759 0.0042994 0.0010529 0.00026323 8.7742e-05 0 0
1 0.25618 0.06558 0.016833 0.004296 0.0011398 0.00026302 8.7673e-05 0 0
1 0.25626 0.065686 0.016816 0.0042915 0.0011386 0.00026274 8.7581e-05 0 0
1 0.25637 0.06571 0.016887 0.0042873 0.0011375 0.00026249 8.7497e-05 0 0
1 0.25101 0.06254 0.015502 0.0038225 0.00095562 0.00021236 0.00010618 0 0
1 0.25996 0.067249 0.017384 0.0044701 0.001192 0.000298 9.9334e-05 0 0
1 0.26433 0.069673 0.01831 0.0048183 0.0012528 0.0002891 9.6367e-05 0 0
1 0.26658 0.070872 0.018811 0.0050352 0.00133 0.00038001 9.5003e-05 0 0
1 0.26769 0.071617 0.019155 0.0050953 0.001321 0.00037743 9.4357e-05 0 0
1 0.26853 0.072039 0.019348 0.0051658 0.0014088 0.00037569 9.3923e-05 0 0
1 0.26882 0.072293 0.019409 0.0052508 0.0014065 0.00037506 9.3765e-05 0 0
1 0.269 0.072332 0.019488 0.0052469 0.0014054 0.00037478 9.3694e-05 0 0
1 0.26912 0.072452 0.01947 0.005242 0.0014041 0.00037443 9.3607e-05 0 0
1 0.26917 0.072484 0.019547 0.0052376 0.0014029 0.00037411 9.3528e-05 0 0
1 0.26378 0.069024 0.018075 0.0047447 0.0012427 0.00033891 0.00011297 0 0
1 0.27288 0.074172 0.020104 0.0053963 0.0014813 0.00042324 0.00010581 0 0
1 0.27737 0.07671 0.021154 0.0058534 0.001643 0.00041076 0.00010269 0 0
1 0.27957 0.078068 0.02177 0.0060753 0.0017213 0.00050628 0.00010126 0 0
1 0.2808 0.078749 0.022026 0.006135 0.0017097 0.00050287 0.00010057 0 0
1 0.28164 0.079295 0.022327 0.0063076 0.0018022 0.0005006 0.00010012 0 0
1 0.28199 0.079468 0.022391 0.0062975 0.0017993 0.0004998 9.996e-05 0 0
1 0.28206 0.079505 0.022473 0.0062924 0.0017978 0.0004994 9.988e-05 0 0
1 0.28224 0.079641 0.022455 0.0063872 0.0017964 0.000499 9.98e-05 0 0
1 0.28231 0.079677 0.022537 0.0063821 0.001795 0.0004986 9.9721e-05 0 0
1 0.2756 0.075481 0.020673 0.005649 0.0015625 0.00036058 0.00012019 0 0
1 0.28485 0.080789 0.022873 0.0064225 0.0018028 0.00056338 0.00011268 0 0
1 0.28947 0.083579 0.024067 0.006892 0.0019691 0.00054699 0.0001094 0 0
1 0.29169 0.084898 0.024703 0.0071197 0.0020496 0.00064725 0.00021575 0 0
1 0.29286 0.085727 0.025075 0.0072868 0.0021432 0.00064295 0.00021432 0 0
1 0.29379 0.086303 0.025283 0.0074675 0.0021336 0.00064007 0.00021336 0.00010668 0
1 0.29407 0.086484 0.025455 0.0074555 0.0022367 0.00063905 0.00021302 0.00010651 0
1 0.2942 0.086535 0.025439 0.0074508 0.0022352 0.00063864 0.00021288 0.00010644 0
1 0.29437 0.086674 0.025524 0.0075508 0.0022333 0.00063809 0.0002127 0.00010635 0
1 0.2944 0.086725 0.025507 0.007546 0.0022319 0.00063769 0.00021256 0.00010628 0
